1812.900024
1860.959961
1775.290039
1798.219971
1908.459961
1895.930054
1888.819946
1788.390015
1804.97998
1858.890015
1881.97998
1921.640015
1966.75
1959.079956
1909.869995
1890.619995
1817.800049
1904.849976
1884.76001
1856.449951
1826.98999
1850.23999
1826.560059
1787.280029
1874.060059
1884.670044
1924.099976
1931.849976
1950.160034
1920.25
1848.5
1752.47998
1677.890015
1545.76001
1622.01001
1559.670044
1561.800049
1430.469971
1327.97998
1402.550049
1461.900024
1484.089966
1463.119995
1420.050049
1384.119995
1430.199951
1477.040039
1436.569946
1510.97998
1513.25
1421.22998
1389.349976
1390.079956
1377.48999
1401.650024
1381.300049
1417.52002
1449.069946
1500.619995
1574.77002
1521.300049
1604.670044
1572.209961
1507.640015
1515.319946
1576.170044
1577.650024
1599.829956
1620.52002
1633.130005
1620.390015
1602.589966
1662.290039
1707.959961
1708.359985
1702.880005
1706.76001
1623.72998
1618.160034
1645.890015
1624.73999
1604.949951
1619.670044
1633.469971
1653.599976
1636.680054
1649.880005
1646.410034
1633.650024
1616.130005
1612.800049
1604.890015
1569.709961
1565.180054
1572.069946
1572.579956
1610.180054
1626.969971
1599.75
1571.060059
1555.310059
1557.030029
1545.869995
1564.27002
1604.050049
1613.819946
1669.290039
1669.52002
1685.699951
1686.589966
1676.170044
1711.290039
1746.76001
1746.77002
1734.420044
1730.900024
1698.839966
1716.180054
1733.77002
1746.880005
1745.719971
1728.089966
1748.130005
1719.920044
1804.420044
1806.359985
1789.050049
1786.969971
1776.339966
1752.829956
1776.5
1750.319946
1699.459961
1613.359985
1608.48999
1611.959961
1560.160034
1530.030029
1519.689941
1534.719971
1530.199951
1600.589966
1510.660034
1475.410034
1437.650024
1458.02002
1528.859985
1489.680054
1487.709961
1541.790039
1547.839966
1529.689941
1526.25
1476.699951
1495.599976
1527.060059
1538.430054
1529.099976
1555.52002
1593.349976
1574.040039
1643.829956
1649.640015
1683.300049
1680.02002
1686.150024
1688.73999
1686.569946
1667.26001
1657.060059
1658.130005
1678.650024
1656.030029
1626.829956
1607.699951
1632.349976
1613.97998
1627.209961
1638.469971
1685.849976
1687.140015
1699.52002
1697.390015
1798.359985
1829.359985
1830.609985
1823.069946
1878.939941
1917.689941
1909.530029
1909.540039
1920.430054
1868.280029
1884.670044
1890.180054
1920.459961
2015.709961
2023.26001
2083.620117
2064.97998
2013.650024
2023.060059
2072.129883
2045.25
2128.300049
2165.5
2154.76001
2227.629883
2255.290039
2224.949951
2151.050049
2073.939941
2156.610107
2143.899902
2108.77002
2133.850098
2075.330078
2076.76001
2101.889893
2140.389893
2144
2142.879883
2203.179932
2211.919922
2218.129883
2252.51001
2233.550049
2257.330078
2238.969971
2112.800049
2158.879883
2143.580078
2031.800049
2005.069946
2040.689941
2047.829956
2103.540039
2148.22998
2152.189941
2188.810059
2133.73999
2143.840088
2190.580078
2197.379883
2155.580078
2097.449951
2097.330078
2002.300049
1977.670044
2118.52002
2016.599976
2064.860107
2069.389893
2073.669922
2089.47998
2056.27002
2042.380005
2024.189941
2069.899902
2100.97998
2097.51001
2058.199951
2064.139893
2050.860107
2030.560059
2077.939941
2127.560059
2119.290039
2117.590088
2094.159912
2008.849976
1979.52002
1935.869995
1914.689941
1978.709961
1982.98999
1987.699951
2017.949951
2021.219971
2102.399902
2064.419922
2065.709961
2132.719971
2107.159912
2125.060059
2138.219971
2089.040039
2163.370117
2191.25
2196.540039
2217.909912
2236.679932
2228.439941
2265.860107
2257.340088
2242.76001
2266.77002
2305.580078
2204.439941
2201.27002
2176.350098
2206.110107
2148.120117
2112.01001
2169.689941
2174.780029
2196.590088
2210.919922
2266.560059
2277.699951
2283.840088
2280.810059
2260.689941
2315.659912
2353.889893
2400.580078
2449.709961
2459.810059
2435.070068
2423.600098
2449.52002
2488.850098
2448.800049
2458
2479.840088
2489.350098
2498.75
2526.73999
2535.860107
2539.879883
2472.429932
2499.02002
2552.290039
2549.530029
2523.810059
2536.030029
2544.899902
2547.780029
2570.439941
2568.790039
2548.969971
2498.350098
2469.51001
2520.26001
2532.959961
2567.959961
2562.120117
2534.48999
2542.73999
2614.5
2641.5
2659.860107
2704.25
2692.689941
2727.560059
2690.790039
2670.189941
2732.290039
2800.600098
2769.469971
2848.840088
2832.530029
2815.77002
2835.540039
2859.219971
2863.26001
2915.810059
3006.870117
2982.629883
3037.699951
3161.360107
3249.169922
3203.790039
3261.040039
3419.51001
3404.290039
3288.52002
3407.830078
3235.350098
3319.23999
3361.199951
3357.570068
3491.080078
3533.209961
3569.26001
3621.719971
3562.72998
3700.530029
3752.370117
3788.540039
3809.919922
3946.72998
4074.300049
4131.939941
4368.540039
4336.97998
4342.310059
4077.590088
4090.139893
3919.790039
4073.709961
3796.610107
3983.060059
4135.089844
4266.169922
4164.620117
4049.159912
3981.439941
3753.659912
3715.379883
3676.649902
3941.909912
3972.080078
4191.810059
4061.909912
4055.350098
4132.790039
4364.319824
4237.75
4216.240234
4222.160156
4442.529785
4536.910156
4522.419922
4583.029785
4693.859863
4762.709961
4872.240234
5045.160156
5066.899902
5254.319824
5312.25
5326.629883
5144.419922
5241.22998
5270.609863
5414.310059
5530.189941
5556.990234
5724.75
5631.339844
5644.220215
5870.490234
5961.450195
6001.240234
6162.859863
6040.580078
5861.189941
5598.319824
5473.720215
5190.600098
4925.799805
4864.970215
4754.649902
4623.370117
4584.410156
4019.310059
3973.439941
4469.120117
4480.430176
4690.990234
4809.72998
4643.799805
4911.430176
5159.209961
4802.759766
4543.02002
4666.740234
4978.620117
5006.569824
5370.509766
4973.779785
5008.209961
5180.290039
5097.47998
4896.740234
4823.259766
4903.959961
4840.810059
5031.060059
5108.75
4799.589844
4901.810059
5133.919922
5143.02002
5187.890137
5360.439941
5276.5
5183.490234
5253.77002
5070.97998
5124.129883
5296.009766
5337.189941
5301.209961
5519.049805
5638.950195
5619.939941
5310.629883
5101.870117
5010.470215
5219.430176
5254.140137
5420.359863
5336.220215
5483.950195
5303.939941
5186.529785
5124.549805
5419.259766
5184.22998
5357.75
5525.399902
5658.100098
5791.049805
5955.970215
5958.069824
6119.169922
6097.899902
6353.899902
6782.390137
6958.140137
6780.959961
7173.220215
6992.75
7066.600098
7444.609863
7611.549805
7573.779785
7738.680176
7960.029785
7975.950195
7710.919922
7932.419922
7599.390137
7522.200195
7214.830078
7157.950195
7414.680176
7530.819824
7269.279785
6989.029785
6938.330078
7438.950195
7254.529785
7131.399902
6980.410156
6898.209961
7052.220215
7318.379883
7373.259766
7128.299805
7016.589844
7322.97998
7232.419922
7307.169922
7344.669922
7267.77002
6999.540039
6740.25
6798.120117
6776.390137
6661.299805
6618.430176
6924.680176
7128.27002
6851.689941
6752.290039
6664.180176
6512.910156
6691.25
6331.299805
6251.399902
6433.609863
6382.310059
6490.029785
6651.529785
6695.200195
6638.200195
6497.069824
6439.259766
6075.339844
6159.02002
6204.419922
5734.490234
5544.669922
5829.950195
5698.879883
6002.299805
6127.970215
6175.240234
6138.279785
6141.02002
6186.870117
6223.569824
6125.169922
6187.209961
5915.180176
5941.77002
6058.379883
5862.100098
5928.009766
5764.060059
5754.859863
5735.879883
5433.490234
5222.120117
5387.5
5188.169922
4730.669922
4115.97998
3787.22998
4308.149902
4487.689941
4625.129883
4513.529785
4820.259766
4583.310059
4910.069824
5062.640137
5150.970215
4989.910156
5199.029785
4909.419922
5019.009766
5160.100098
5318.72998
5209.970215
5122.22998
5156.629883
5097.060059
4835.950195
4862.600098
4745.580078
5097.410156
5359.549805
5401.109863
5366.129883
5397.290039
5260.529785
5189.649902
5284.549805
5000.379883
4882.77002
4871.700195
5036.410156
4899.129883
4818.299805
4610.180176
4303.850098
4232.399902
4382.560059
4483.029785
4130.799805
3891.879883
3579
3532.48999
3760.860107
3684.689941
3828.26001
3712.939941
3485.679932
3361.280029
3065.72998
2918.899902
2714.620117
2930.73999
3163.669922
3102.01001
3165.159912
3079.100098
3191.76001
3320.879883
3320.320068
3207.530029
3077.060059
3024.219971
2840
3092.939941
3037.330078
2918.820068
2717.820068
2747.830078
2569.340088
2674.459961
2648.870117
2547.050049
2431.659912
2403.189941
2715.060059
2520.840088
2654.070068
2733.949951
2899.780029
2838.22998
2986
2956.590088
2989.080078
2822.830078
2982.679932
3127.459961
3168.709961
3238.97998
3224.659912
3239.610107
3326.51001
3366.709961
3356.889893
3438.889893
3332.23999
3443.929932
3549.050049
3484.580078
3607.709961
3508.060059
3578.699951
3324.850098
3419
3471.25
3516.669922
3452.639893
3655.98999
3782.560059
3797.399902
3642.25
3745.949951
3841.72998
3860.129883
3898.419922
3903.340088
4018.5
4016.179932
4111.640137
4151.830078
4058.600098
4044.98999
4057.050049
4073.350098
4018.159912
4126.140137
3915.379883
3819.149902
3822.330078
4007.600098
4013.530029
4033.97998
4103.620117
3985.209961
3895.639893
3803.100098
3831.840088
3902.719971
3961.929932
4014.560059
3999.790039
4013.350098
3998.77002
3924.48999
3845.929932
3797.330078
3895.610107
3727.73999
3646.98999
3712.610107
3851.179932
3866.98999
3886.030029
3988.070068
3910.300049
3994.959961
4015.540039
3922.110107
3935.139893
3960.25
4063.580078
4143.350098
4134.890137
4154.27002
4208.870117
4174.549805
4182.27002
4251.620117
4256.080078
4316.399902
4232.359863
4213.700195
4201.810059
4339.279785
4387.799805
4359.470215
4348.640137
4423.52002
4360.490234
4327.180176
4343.600098
4373.529785
4400.680176
4312.25
4223.040039
4184.839844
4311.060059
4275.700195
4360.680176
4444.709961
4510.390137
4586.100098
4604.569824
4566.47998
4617.069824
4597.970215
4712.899902
4836.899902
4886.5
4827.180176
4937.330078
4929.910156
4783.799805
4837.810059
5005.930176
4986.5
4882.580078
5044.120117
5007.77002
4975.560059
4838.399902
4825.640137
4995.240234
5090.75
5123.5
5194.27002
5307.990234
5282.129883
5353.660156
5419.049805
5408.259766
5536.319824
5483.089844
5349.02002
5647.419922
5657.120117
5701.470215
5795.47998
5870.790039
5721.459961
5804.919922
5882.379883
5973.140137
5970.080078
5952.919922
5918.569824
6094.75
6009.890137
6113.290039
5916.279785
5672.279785
5788.359863
5687.040039
5464.080078
5376.009766
5529.740234
5683.310059
5681.850098
5422.220215
5451.009766
5705.419922
5723.029785
5628.370117
5817.02002
5811.470215
5876.540039
5795.259766
5937.870117
5883.319824
6004.330078
6085.819824
6173.680176
6202.819824
6262.540039
6241.149902
6357.77002
6412.359863
6411.959961
6241.129883
6427.410156
6588.830078
6503.129883
6596.919922
6593.089844
6705.169922
6747.169922
6690.339844
6885.759766
6911.109863
6957.069824
6992.580078
6603.319824
6716.52002
6579.870117
6899.060059
6917.029785
7099.910156
7212.069824
7342.540039
7378.120117
7516.759766
7479.339844
7607.540039
7739.200195
7987.850098
7590.5
8030.640137
7949.629883
8007.319824
8048.319824
8092.77002
7874.850098
7451.680176
7435.669922
7343.259766
7378.290039
7507.27002
7638.169922
7436.629883
7497.740234
7794.430176
7861.509766
8002.180176
8041.259766
7884.120117
7949.169922
7849.490234
7812.399902
7612.259766
7608.959961
7870.52002
7994.069824
7948.359863
8002.669922
8067.319824
7808.689941
7717.950195
7314.169922
6816.740234
6968.669922
6767.279785
6832.430176
6806.290039
6748.129883
6513.990234
6451.899902
6319.990234
6559.899902
6763.390137
6603.569824
6843.080078
6896.580078
7043.22998
7003.169922
7156.549805
6944.049805
7096.790039
6803.810059
6765.319824
6578.439941
6421.910156
6272.209961
6153.299805
6382.649902
6436.709961
6396.459961
6561.649902
6446.02002
6342.419922
6422.299805
6127.439941
6234.890137
6189.529785
6063.5
5797.029785
4544.310059
4781.330078
4295.669922
4987.970215
4938.459961
4710.240234
4127.410156
4669.439941
4381.470215
4663.370117
4696.700195
4629.379883
4973.069824
4783.890137
4366.279785
4178.939941
4338.350098
4644.629883
4413.390137
4014.659912
3843.73999
3666.409912
3953.600098
4068.73999
4203.549805
4384.990234
4491.120117
4676.839844
4674.319824
4769.450195
4913.899902
4737.5
4918.75
4940.819824
5077.029785
5069.240234
4839.459961
4776.470215
4708.209961
4576.310059
4978.399902
5229.359863
5332.140137
5458.959961
5309.109863
5462.740234
5517.350098
5384.430176
5624.02002
5703.830078
5581.410156
5467.899902
5711.879883
5743.390137
5740.25
5414.959961
5488.25
5686.830078
5663.149902
5685.609863
5817.649902
5756.290039
5831.209961
5957.439941
5957.430176
6037.609863
5875.970215
5695.319824
5608.790039
5434.339844
5500.390137
5722.049805
5598.459961
5877.359863
5945.109863
5982.430176
6120.049805
6235.560059
6249.700195
6180.899902
6259.529785
6135.700195
5715.089844
6056.709961
5829.25
5946.180176
5938.879883
6047.830078
6216.97998
6070.600098
5834.149902
6065.240234
6040.27002
6166.339844
6147.970215
6259.629883
6110.410156
6005.160156
5951.169922
6134.620117
6214.77002
6209.759766
6298.299805
6211.339844
6291.669922
6492.299805
6605.839844
6601.370117
6754.200195
6734.609863
6843.549805
6848.97998
6947.720215
7006.169922
6982.450195
7057.689941
6914.189941
6947.839844
7075.700195
7062.419922
7102.799805
7216.209961
7371.200195
7426.810059
7185.169922
7178.899902
6981.490234
6664.399902
6946.359863
7179.810059
7217.02002
7178.290039
7295.490234
7514.459961
7492.25
7403.310059
7266.819824
7163.470215
7109.029785
7069.899902
7164.049805
7121.379883
7419.439941
7402.72998
7220.120117
7326.390137
7158.77002
6236.160156
5997.740234
5480
5537.47998
5538.330078
5189.930176
5573.509766
5196.560059
5502.02002
5675.700195
5967.200195
5970.959961
6346.189941
5966.160156
6057.029785
5800.240234
5492.870117
6080.680176
5986.709961
5701.779785
5878.930176
5898.350098
6057.919922
6143.080078
6404.390137
6511.97998
6766.669922
6692.959961
6848.029785
6864.430176
6921.370117
6880.209961
7157.819824
6995.620117
6946.830078
6775.259766
6583.899902
6750.120117
6801.319824
6561.470215
6579.930176
6271.220215
6339.939941
6050.290039
6130.819824
6229.410156
6263.25
6416.279785
6410.109863
6557.100098
6630.02002
6689.399902
6865.660156
6944.560059
7040.879883
6971.069824
6970.790039
7214.5
7412.129883
7451.620117
7216.149902
7397.870117
7232.490234
7380.640137
7231.850098
7363.850098
7163.5
6950.529785
7309.129883
7405.5
7517.799805
7596.470215
7636.22998
7612.390137
7776.370117
7715.529785
7702.22998
7857.970215
7833.390137
7652.140137
7593.509766
7661.910156
7708.160156
7986.470215
8042.850098
7911.350098
7795.310059
7658.75
7744.77002
7459.959961
7814.759766
8122.290039
8278.589844
8398
8305.320313
8348.839844
8254.679688
8127.959961
7789.240234
7959.220215
7806
8212.769531
8331.570313
8244.910156
8406.94043
8338.30957
8391.94043
8416.990234
8103.149902
8275.669922
8509.419922
8675.730469
8661.509766
8622.969727
8724.830078
8865.099609
8985.740234
9007.830078
9078.280273
9168.69043
9219.040039
9405.299805
9172.410156
9006.459961
9400.179688
9589.389648
9435.150391
9473.240234
9742.959961
9392.019531
9306.480469
9301.919922
9662.400391
9656.950195
9692.080078
9350.75
9056.410156
9342.94043
9587.19043
9695.769531
9315.290039
9409.709961
9401.549805
9556.019531
9581.450195
9629.099609
9768.009766
9943.269531
9987.19043
9912.870117
9987.240234
9815.169922
10009.080078
9666.339844
9720.019531
9644.009766
9210.080078
9009.320313
9092.599609
9339.169922
9470.169922
9747.019531
9651.129883
9799.259766
9490.549805
9195.679688
8788.80957
8850.269531
8987.799805
9326.870117
9291.830078
9252.94043
9732.549805
9980.849609
10087.120117
9594.730469
9786.959961
9922.110352
9764.730469
9648.5
10167.769531
10649.580078
10694.320313
10846.389648
10963.400391
11050.639648
11401.660156
11550.969727
11901.610352
12039.370117
11868.330078
11967.389648
12374.730469
11688.700195
11810.849609
11454.379883
11709.730469
11447.030273
11815.009766
11413.820313
11197.150391
11196.490234
11040.099609
11492.429688
11058.389648
11315.629883
11673.419922
11347.450195
11308.990234
11490.830078
10985.139648
10124.519531
10298.530273
10038.040039
10123.55957
9916.160156
9688.530273
9553.070313
10096.599609
10104.429688
10794.540039
10850.139648
10988.030273
10708.400391
11119.830078
11293.759766
10752.099609
10340.05957
10608.19043
10727.639648
10743.009766
9849.339844
9545.269531
9764.879883
9798.110352
9286.230469
8967.509766
9388.049805
9513.299805
9824.169922
9831.129883
9950.799805
9851.349609
9794.639648
9622.259766
10051.570313
10373.490234
10038.969727
9869.950195
9952.900391
9916.019531
10286.30957
10103.259766
9834.620117
9631.360352
9557.160156
9776.120117
9629.660156
10066.900391
10147.459961
10337.5
10367.209961
10713.429688
10544.360352
10587.769531
10683.820313
10573.44043
10276.169922
10626.969727
10511.019531
10490.860352
10580.379883
10710.730469
10696.19043
10259.129883
10667.950195
10664.55957
10699.269531
10513.349609
11203.629883
11404.009766
11449.929688
11481.05957
11599.009766
11629.179688
11630.129883
11814.269531
11651.490234
11666.969727
11757.019531
11804.030273
12027.360352
11963.179688
12095.240234
12064.269531
12312.870117
12225.05957
12109
12048.570313
12438.009766
12716.889648
12770.410156
12638.69043
12602.179688
12822.94043
12815.719727
12752.730469
12733.410156
12325.120117
12388.679688
12631.719727
12240.05957
12162.700195
12297.719727
12014.05957
12165.19043
12167.94043
12142.639648
12303.980469
12518.80957
12592.349609
12828.860352
12955.94043
12991.870117
12991.280273
13217.540039
13478.860352
13127.469727
12993.730469
13059.839844
12861.490234
13153.700195
13103.55957
13072.790039
12917.639648
13319.639648
13245.030273
13434.450195
13340.169922
12785.160156
12107.480469
12451.959961
12483.790039
11913.709961
12346.679688
12389.580078
11886.30957
12096.730469
12241.269531
12442.400391
12540.5
12580.870117
12819.599609
13001.240234
13077.719727
12938.009766
12724.269531
12766.549805
13010.549805
12579.719727
12306
12496.169922
12540.730469
12561.419922
12860.400391
12615.759766
12424.349609
12210.549805
12394.519531
12364.05957
11959.629883
12124.330078
12430.879883
12246.730469
12111.900391
11523.80957
11553.830078
11200.620117
11518.990234
11529.160156
11341
11192.69043
11257.240234
10788.089844
10865.769531
10633.820313
10558.959961
10767.69043
10887.459961
11205.540039
11281.790039
11180.660156
10906.780273
11299.799805
11457.700195
11601.679688
11457.839844
11685.69043
11364.169922
11526.040039
12009.75
11999.929688
12222.389648
12315.179688
12412.75
12059.830078
12238.94043
12011.040039
11726.839844
12045.379883
12096.400391
12339.919922
12398.799805
12568.530273
12323.320313
12260.070313
12419.900391
11872.44043
11693.799805
11562.740234
11611.509766
11939.280273
12191.730469
12468.530273
12468.009766
12380.94043
12012.80957
12511.650391
12633.599609
12894.509766
12961.049805
13228.55957
13241.75
13163.879883
13236.379883
13166.580078
13282.719727
13318.900391
13337.110352
13219.139648
13483.30957
13526.129883
13576.679688
12981.969727
13513.80957
13744.209961
13579.330078
11890.349609
11541.870117
9232.080078
8928.950195
9632.519531
9525.769531
10564.740234
10625.780273
10336.089844
10861.639648
10904.480469
10465.169922
11073.870117
11586.849609
12847.679688
11949.280273
12330.759766
12089.389648
12528.179688
12633.709961
12919.610352
12838.05957
12313.360352
12674.879883
12901.339844
12764.799805
13033.200195
12842.660156
13202.839844
13116.25
12469.200195
12689.040039
13051.230469
12908.990234
12645.75
11556.480469
12480.019531
13076.719727
13137.25
13335.679688
13298.959961
13114.299805
13630.509766
13587.230469
13718.780273
14049.530273
13787.730469
13873.969727
13432.870117
14056.719727
14049.889648
13993.230469
13786.290039
13920.69043
14502.389648
14621
14748.94043
15107.169922
15234.160156
