2839.899902
2835
2776.300049
2768.899902
2736.600098
2893.899902
2939.300049
2894.300049
2937
2912
2886
2974
2997
2956
2995
3067
2986
2946
2960
2925
3059
3159
3174
3201
3250
3278
3357
3507
3540
3485
3356
3078
3122
2918
3087
3047
3062
2931
2760
2850
2915
2991
3050
2978
2932
3008
3016
2965
3163
3125
3079
3057
3046
3058
3072
3206
3223
3359
3412
3475
3552
3653
3722
3716
3745
3849
3742
3667
3625
3737
3750
3882
3703
3707
3637
3639
3565
3668
3892
3915
4009
4031
4059
4024
4063
4021
3998
3970
3974
3910
3938
4067.699951
4018
4015.899902
3971.899902
4037.800049
4236.600098
4271.299805
4243.100098
4149.799805
4190
4155.5
4142.600098
4236.200195
4307.100098
4348.899902
4454.899902
4600.100098
4601.799805
4711.399902
4772.299805
4736.5
4929.100098
4908.899902
5071.200195
5015.799805
5007.600098
4916.700195
4921.100098
5082.700195
5330.200195
5484.200195
5608.200195
5704.5
5859.700195
6080.200195
6035.799805
5819.100098
5787.600098
6113.100098
6061.899902
5981.399902
6128.100098
5772.799805
5881.100098
5850.899902
5822.600098
5509.399902
5628.600098
5707.5
5537.299805
5689.299805
5686.200195
5595.399902
5596.700195
5985.299805
6262.5
6190.700195
6315
6366.600098
5878.200195
5986.700195
5268.100098
5253.200195
5192.700195
5442
5512.399902
5529.600098
5871.799805
5914.399902
5751.399902
5747.200195
5858.200195
6170.100098
6352
6502.799805
6170.399902
6088.299805
6341.299805
6404.399902
6285.700195
6697.200195
6750.899902
6830.5
6798.299805
7005.299805
7170
7397.899902
7157.5
7266.700195
7200.799805
7014.100098
7217.899902
7070.600098
6925.200195
6750.299805
6989
7396.799805
7392.299805
7545.399902
7423
7512.100098
7593.5
7418.100098
7525.100098
7676.200195
8005.600098
8764
8719.299805
9329.099609
8996.900391
9701.299805
9263.900391
9274.400391
9294.400391
10228.099609
10568.900391
11039.799805
11888.400391
11001.5
10774.299805
11459.400391
11377.799805
12157.599609
11504
10825.900391
10100.299805
9918.200195
9905.700195
9132.299805
9234.200195
9029.900391
9298.200195
9536.099609
9156.900391
8966.099609
8620.299805
9134.700195
9631.599609
9470.099609
9234.299805
9111.200195
9114
8881
8634.400391
8433
9117
9153
9482.799805
9602.200195
9464.599609
9404.400391
9399.099609
9901.599609
10145
9968.5
9632.5
9521.200195
9284.900391
9550.900391
9338.599609
9379.5
9530.400391
9367.900391
9427.400391
8658.799805
8221.599609
7789.100098
8166.399902
8311.900391
8191
7683.299805
7252.299805
7278.100098
7297.100098
7478.899902
8012.799805
8043
8219
8185.200195
7949.399902
8534.700195
8484.700195
8587.700195
8470.299805
8662
8645.400391
8361
8332.200195
9217.799805
9013.299805
9329.200195
9559.700195
9267.599609
9314
9224.400391
9206.5
9632.299805
9728
9410.200195
9451.700195
9362.799805
9006.900391
8895.799805
9080.400391
9196.5
9393.200195
9797.400391
9541.900391
9646.299805
9873.900391
9883.799805
9895.200195
9680.799805
9855.799805
9411.900391
9287.900391
9488.799805
9862.599609
9863.599609
9858.700195
9932.200195
10073.400391
10529.900391
10540
10764.099609
11111.900391
11469.400391
11310.299805
11595
11390.400391
11194.900391
11217.799805
10557.599609
11026.700195
10957.200195
11139.900391
10849.799805
10818.5
10732.799805
10734.200195
10597.700195
10816.900391
11019.200195
11264.700195
11196.599609
10865
10855.299805
11020.900391
11177.099609
10802.700195
10845.299805
10705.599609
10962
11104
11176
11424.599609
11159
11025.599609
11369
11592.400391
11759.400391
11905.5
12218.400391
12510.099609
12388.400391
12529.299805
12751.200195
12889.400391
13116.799805
13393.900391
13102.700195
12784.099609
13131.400391
13404.099609
13222.799805
13191.5
13856.400391
13379.599609
13321.799805
13660.5
13113.299805
13444.900391
13398.700195
13337.400391
12736.5
12489.299805
12534.299805
12204.599609
12516.599609
12541.099609
12645.799805
13081.700195
13930.799805
14062.400391
14331.700195
14757.799805
14655.099609
14112.599609
15154.400391
15196.799805
14823
15225.299805
15570.400391
15658.099609
16379.200195
16647.5
16096.900391
15429.799805
14135.200195
14563.599609
14470.5
14384.099609
14710.900391
15128
14273.099609
13601
11144.299805
10623.799805
10104.5
9957.299805
10548.200195
10526.900391
11527.599609
10614.700195
10405.799805
10342.400391
10680.599609
8894.599609
8900
8920.200195
9252.400391
10485.900391
10274.599609
10600
11480.700195
10919.5
11057
11564.200195
11735.5
11052.700195
11342
11001.299805
10879.900391
10563.679688
10060.379883
9538.389648
9555.980469
8934.55957
8569.469727
7915.439941
8591.910156
8607.860352
8639.30957
8205.769531
8628.929688
8257.459961
7936.200195
7018.410156
7224.689941
7527.609863
7829.740234
7488.470215
7578.47998
7445.959961
7701.609863
7883.459961
8506.790039
9777.009766
9817.75
10154.94043
10139.75
9997.990234
10233.360352
10742.110352
9963.139648
9952
10226.230469
10292.200195
10048.580078
10722.700195
10147.400391
9738.519531
9506.900391
9190.200195
9425.419922
9254.120117
9858.490234
10241.120117
10801.759766
11082.919922
10803.30957
11072.980469
11914.099609
12490.299805
12905.299805
13333.200195
12997.429688
12855.519531
12272.139648
12059.25
12415.540039
12992.759766
13408.269531
13784.509766
14184.580078
14222.570313
13545.240234
13093.700195
13186.860352
13167.05957
12608.179688
13566.740234
13383.129883
13178.30957
13855.929688
13484.839844
13032.070313
12733.240234
13112.419922
12299.080078
12863.080078
13256.950195
13610.269531
14189.669922
15073.099609
15274.530273
15840.410156
16380.209961
15986.349609
16833.279297
16962.099609
15405.629883
15542.230469
15108.410156
16185.94043
15968.120117
17380.300781
16599.160156
17200.980469
17285.240234
17831.859375
17082.990234
17784.570313
17406.539063
16941.679688
16142.759766
15367.139648
15519.299805
15268.639648
15111.94043
14478.259766
13722.700195
15284.099609
16120.259766
16434.380859
15738.080078
16155.780273
16829.960938
17586.160156
17920.859375
17183.929688
17425.699219
17214.419922
17440
17236.740234
17333.609375
17275.449219
16249.530273
14612.879883
15648.980469
16184.679688
14680.5
15044.530273
14902.459961
15594.120117
15389.389648
15180.849609
14376.900391
14441.429688
15189.330078
14975.530273
14738.209961
15095.530273
15447.610352
15295.419922
15933.549805
16044.209961
16071.290039
15873.280273
15630.30957
15280.55957
13966.429688
14194.349609
13522.040039
12583.360352
12760.639648
12386.610352
12989.469727
13448.129883
13386.040039
13390.990234
13636.610352
13459.179688
13753.990234
13141.379883
13808.889648
13102.5
13174.019531
13042.530273
12999.480469
12612.790039
12301.679688
12182.169922
12269.080078
11765.80957
11754.80957
11110.299805
11090.480469
10384.200195
9655.450195
8934.200195
9950.700195
10277.379883
10274.129883
9825.839844
10404.740234
10186.05957
10609.25
11287.370117
11322.360352
11279.25
11832.179688
11466.110352
11158.099609
11431.589844
11702.150391
11166.459961
10972.959961
10772.959961
10691.25
10518.990234
10961.879883
10664.94043
10425.30957
11233.230469
11210.25
10863.070313
11032.919922
10831.370117
10710.480469
11252.179688
11385.080078
11797.219727
11645.900391
11974.610352
11626.780273
11301.94043
11284.709961
10955.519531
10591.860352
10598.549805
10806.160156
10648.299805
10325.459961
9773.120117
9991.719727
10014.05957
10265.040039
10245.69043
10043.870117
9720.860352
9650.969727
9328.219727
9294.459961
9051.370117
8965.730469
9613.070313
9722.540039
9407.679688
9770.679688
9865.650391
10065.320313
10069.870117
9973.75
9728.429688
9628.69043
9445.259766
9583.849609
9721.5
9614.589844
9460.599609
9258.950195
9150.950195
9201.759766
9250.860352
9122.660156
8907.099609
8956.169922
9179.19043
8863.360352
8822.450195
8645.650391
8579.139648
8409.009766
8808.179688
9084.160156
9093.179688
9303.730469
9487.379883
9694.629883
9855.639648
9930.30957
9657.209961
9636.80957
9911.5
10140.839844
9939.200195
10248.599609
9945.219727
10424.55957
10760.730469
10908.990234
11170.610352
10883.519531
10968.419922
11290.150391
11608.719727
11935.830078
12044.490234
11736.370117
12190.099609
12215.169922
12203.530273
11839.799805
12317.469727
12314.730469
12594.419922
12371.75
12456.700195
12801.480469
13385.799805
13167.759766
13750.580078
13289.370117
13309.599609
13739.799805
13868.370117
13907.030273
13454.759766
12932.230469
12790.580078
12483.240234
12731.759766
12909.370117
12458.379883
12383.94043
11942.959961
11910.759766
11276.860352
11576.009766
12116.870117
12022.639648
12396.389648
11855.549805
12185.519531
12220.129883
12202.259766
12059.200195
12352.990234
12238.030273
12478.679688
12359.830078
12376.900391
12818.419922
12948.099609
13003.990234
13224.929688
13066.839844
13120.030273
13241.459961
13059.429688
13015.200195
13054.660156
13494.950195
13784.459961
13787.679688
13895.030273
14211.839844
13901.80957
13992.44043
14194.900391
14230.139648
13574.860352
13494.780273
13481.019531
13650.05957
13585.169922
13845.629883
14087.870117
14157.089844
13730.780273
13890.929688
13828.370117
13597.099609
13491.349609
13666.719727
13638.75
13693.549805
13908.969727
14033.959961
13866.80957
13717.419922
13714.780273
13818.450195
13934.759766
13912.030273
14230.290039
14201.05957
13964.469727
14504.290039
14786.459961
14880.980469
15051.320313
15450.950195
15038.610352
14982.889648
15221.889648
15165.769531
14983.200195
15143.969727
15428.519531
14847.790039
14485.879883
14487.849609
14215.830078
14585.790039
14740.599609
14883.320313
15081.469727
15200.379883
14910.509766
15029.80957
15183.580078
14876.429688
15344.44043
15787.969727
15662.080078
15753.139648
15429.730469
15425.950195
15475.69043
15856.049805
15802
15445.049805
15801.660156
15716.459961
15805.040039
16471.779297
16429.449219
16912.150391
16661.300781
17013.929688
16901.849609
16313.360352
15895.099609
15912.709961
15628.69043
15842.650391
15808.80957
16267.620117
16459.779297
16135.709961
16464.179688
16955.039063
16887.800781
17249.949219
17330.699219
16955.449219
17423.720703
17145.759766
17237.650391
17600.650391
17543.050781
17903.390625
17988.859375
18113.550781
18297.550781
18749.689453
18891.140625
19182.710938
19260.300781
18690.820313
18739.990234
19110.650391
19320.519531
19964.720703
20211.279297
19613.410156
20327.720703
20281.130859
20563.679688
20677.660156
20567.910156
20711.650391
19442.009766
19134.880859
18953.5
19692.640625
19800.929688
20209.710938
20340.970703
20566.589844
20526.5
20841.080078
20468.210938
20904.839844
20520.660156
20602.869141
20509.150391
21017.050781
21999.910156
21772.730469
22531.740234
23099.289063
23291.900391
22570.410156
22538.439453
21792.710938
20387.130859
22921.890625
23984.140625
23982.609375
24898.109375
25843.779297
27142.470703
27831.519531
28838.369141
29465.050781
30405.220703
30468.339844
28783.410156
27614.429688
26541.089844
28643.609375
28842.470703
27563.640625
27626.919922
27370.599609
27519.689453
26867.009766
25201.869141
25122.369141
24123.580078
23469.460938
24148.429688
23305.039063
24331.669922
22501.330078
22237.109375
21108.220703
23285.949219
24264.630859
24667.789063
24197.779297
25516.779297
26241.019531
25063.169922
25618.859375
24714.070313
24533.119141
24402.179688
22592.300781
22745.599609
22042.349609
21423.820313
22184.550781
21874.189453
22740.710938
22862.599609
21885.210938
21160.580078
20392.060547
21261.890625
19933.279297
19352.900391
19327.730469
18682.089844
17682.400391
14796.870117
14554.209961
12618.379883
13968.669922
14243.429688
13542.660156
12659.200195
13888.240234
13846.089844
14758.389648
15127.509766
14184.139648
15042.80957
14377.44043
13255.509766
12578.599609
13278.209961
13655.040039
13554.669922
12699.169922
12811.570313
11921.519531
12525.799805
12833.509766
14119.5
14545.69043
14901.410156
15601.269531
15258.849609
15520.990234
17389.869141
16790.699219
17062.519531
18171
18679.529297
18889.679688
17920.929688
18600.259766
18203.400391
17708.419922
18805.660156
19982.789063
20573.330078
20375.369141
20893.330078
20199.019531
20098.619141
20318.619141
21161.419922
21623.449219
21024.400391
20375.490234
21499.439453
21929.900391
22589.730469
21752.869141
21829.720703
22553.630859
22455.839844
21134.5
22498.150391
21902.109375
21175.880859
21517
21872.5
22296.75
21654.160156
20726.179688
20121.990234
19665.080078
20268.689453
19894.019531
20608.699219
20787.970703
21209.740234
21370.820313
21053.109375
21537
22208.5
21865.259766
21244.490234
21108.589844
19920.289063
20145.429688
19545.830078
19766.710938
19780.070313
19872.380859
20286.710938
20690.789063
19905.320313
20378.660156
20250.160156
20815.330078
21029.810547
21678.800781
21071.570313
20981.820313
20597.349609
20971.5
21257.390625
21970.859375
22119.429688
22358.169922
22944.179688
23757.630859
23517.539063
23096.320313
24876.820313
24222.580078
23605.710938
22877.25
23320.519531
23162.910156
22714.849609
22833.800781
23035.449219
23686.630859
24283.230469
23876.859375
23617.019531
23908.960938
22828.919922
23595.240234
23012.369141
23408.859375
23249.779297
22300.230469
23158.669922
23801.900391
24396.070313
24008.070313
24138.310547
23720.810547
23159.140625
23276.269531
23199.390625
23118.070313
22949.560547
22420.369141
21695.259766
22171.949219
22398.099609
22726.429688
21875.380859
22444.800781
22440.25
20946.140625
19620.009766
19399.919922
19582.880859
20212.910156
19866.630859
19455.310547
17668.830078
17592.410156
17707.009766
18501.789063
18025.720703
20019.240234
19842.789063
19137.169922
18491.230469
17689.480469
19040.390625
18586.230469
18285.390625
18629.169922
18434.390625
18593.060547
19204.419922
20110.369141
20501.669922
20756.980469
20783.859375
21491.619141
21406.859375
21562.259766
21086
21317.849609
20668.800781
20555.580078
20593
20701.039063
21010.640625
20741.449219
21086
19964.630859
18951.849609
18713.410156
18558.339844
18502.339844
19233.939453
18995.130859
19441.460938
19800.640625
19092.630859
19640.800781
19274.960938
19666.179688
20136.119141
20116.070313
19880.029297
19482.570313
19802.160156
20629.779297
20734.939453
20840.380859
21012.380859
21136.429688
21551.759766
21545.570313
22111.330078
21384.380859
21159.009766
21913.980469
22030.390625
22191.169922
22605.980469
22506.289063
22666.589844
23331.089844
23264.070313
23601.779297
23580.429688
23721.839844
23215.160156
23444.560547
22782.439453
22880.220703
23091.949219
22533.109375
22115.300781
22299.630859
21726.900391
22089.050781
22013.570313
22547.710938
22689.960938
23321.220703
23082.679688
22618.669922
22392.160156
21575.259766
20969.140625
20263.310547
20803.289063
20854.669922
21277.279297
21362.419922
21968.949219
22190.970703
21807.560547
22517.810547
21863.509766
21731.369141
22621.220703
22915.279297
23502.509766
23207.039063
23138.539063
23218.320313
23340.099609
22698.339844
23249.789063
22744.390625
23032.150391
23696.279297
23881.289063
23743.099609
23245.960938
22812.179688
23243.240234
22817.279297
22846.25
23133.349609
22450.060547
22035.419922
21636.849609
22298.410156
22568.240234
22836.960938
22660.490234
21539.490234
21436.699219
22065.529297
22510.080078
23003.640625
22760.240234
22223.529297
22260.669922
21862.990234
22712.910156
22965.859375
23081.650391
22951
23319.169922
23194.060547
23221.519531
23546.359375
23233.449219
23454.789063
24216.009766
24532.429688
24331.410156
24954.939453
25112.230469
24742.060547
25240.150391
24595.320313
24306.160156
23678.410156
23064.560547
23088.539063
23023.210938
23302.199219
23998.060547
23550.240234
24087.380859
23437.119141
23987.449219
24002.640625
23249.199219
23116.630859
23349.339844
23721.300781
23919.949219
24103.519531
24850.449219
24507.050781
24679.390625
24682.539063
24832.080078
24823.289063
24164
23823.210938
24375.240234
24486.199219
25275.640625
27272.390625
27653.119141
28060.980469
28133
27577.339844
27822.279297
27992.830078
27424.189453
27260.160156
27280.539063
26760.529297
26663.869141
26064.109375
24901.279297
25415.269531
25128.509766
24636.279297
24552.470703
23991.029297
22409.619141
21612.390625
20840.609375
21504.369141
21920.830078
21186.320313
21506.089844
22458.800781
23067.369141
23151.939453
22640.039063
22867.330078
22396.140625
22754.720703
22068.320313
22235.890625
21464.050781
21755.560547
22138.130859
21914.400391
20453.710938
19520.769531
19080.509766
19683.109375
19288.169922
18319.580078
19285.5
19364.150391
20176.699219
20199.599609
20671.630859
20345.609375
20498.919922
20370.400391
21316.470703
21467.039063
21067.050781
20109.869141
19719.289063
19852.199219
20576.769531
20947.240234
21042.640625
20169.980469
20259.130859
20794.369141
20564.169922
21659.25
21964.269531
21891.369141
22146.089844
22766.910156
22937.220703
22909.539063
23266.699219
24099.699219
23335.589844
23686.480469
23297.150391
23851.820313
23233.310547
23374.400391
22954.810547
22642.619141
22531.089844
22344.210938
22723.449219
22564.820313
22760.980469
22020.75
21574.759766
22000.560547
22503.009766
22937.380859
22885.910156
23360.779297
23129.210938
23574.980469
24033.740234
23965.699219
23552.720703
23568.669922
24309.929688
24358.269531
24111.589844
24267.300781
24261.660156
24042.019531
24615.130859
24476.349609
25156.339844
25174.869141
25639.269531
25924.050781
26030.289063
25626.490234
25670.050781
25764.580078
25340.849609
26389.230469
26706.089844
26979.390625
27562.679688
26883.509766
27047.570313
27848.160156
27953.160156
27668.470703
27807.589844
27880.529297
27554.300781
28458.039063
28476.429688
28487.240234
28438.849609
28603.609375
29120.919922
29199.039063
29866.320313
29074.240234
28639.849609
28848.109375
29578.009766
29919.150391
30814.640625
31412.539063
32254.890625
33154.121094
32601.779297
29507.419922
31115.429688
31267.169922
30583.449219
30996.210938
31501.970703
30309.289063
30093.380859
29844.939453
30808.380859
30418.330078
30280.669922
29926.5
31122.060547
31047.910156
30588.039063
30492.910156
30958.210938
30309.490234
29338.699219
28955.109375
28315.619141
28525.439453
28224.480469
28804.279297
27676.320313
28366.619141
27213.410156
27671.869141
27888.550781
26973.470703
27286.410156
27953.580078
27788.519531
26572.570313
25801.490234
25561.400391
24717.630859
26486.349609
25601.919922
26183.529297
25927.679688
26506.75
26063.759766
26094.789063
25753.419922
25504.199219
25626.029297
26667.269531
27090.810547
27569.189453
27930.740234
27946.320313
27900.839844
28816.300781
28812.169922
28228.419922
29012.259766
29113.359375
29051.359375
29936.320313
29909.759766
29963.259766
29605.009766
30081.550781
28550.240234
27946.460938
27353.929688
26901.089844
26965.279297
27118.349609
28473.710938
28542.619141
28774.830078
28471.619141
28765.400391
28397.740234
26918.580078
25939.300781
25734.220703
26179.330078
25724.730469
26690.759766
27352.689453
26435.669922
25954.810547
25821.029297
26308.439453
26719.580078
26667.390625
27100.759766
27651.140625
26326.660156
26595.080078
26346.490234
26498.369141
27687.759766
27871.349609
28225.419922
28451.5
28638.199219
29056.419922
27949.640625
26312.630859
27404.269531
27815.599609
27308.810547
26129.929688
26146.669922
24032.910156
22805.070313
23484.279297
23236.109375
24300.330078
24380
23831.330078
24643.589844
24230.169922
23797.470703
22930.140625
22961.470703
24770.410156
24301.380859
24643.890625
24549.990234
25373.119141
25727.410156
25089.169922
24705.330078
24595.349609
24531.619141
25183.009766
25113.839844
25422.060547
24695.449219
24503.310547
24455.410156
23235.419922
23459.050781
24119.130859
24386.789063
24918.779297
24107.419922
25712.970703
26156.859375
26451.539063
26894.679688
26835.919922
26505.869141
26498.599609
26386.560547
27231.130859
27878.220703
28573.859375
29447.849609
28283.710938
29288.679688
30173.570313
30644.730469
28980.210938
29098.289063
28739.720703
28990.939453
28336.429688
28938.740234
28698.800781
